Testing RandomTest
------------------------------------------------------------------------------------------------------------------------------
|         Tree Type        |    N    |      Insert Only [ms]      |      Access Only [ms]      |      Delete Only [ms]       |
------------------------------------------------------------------------------------------------------------------------------
| 0: BST                   |         |                            |                            |                             |
|                          | 100     | 0 691 691                  | 0 792 792                  | 0 563 563                   |
|                          | 10000   | 0 147478 147478            | 0 157335 157335            | 0 134818 134818             |
|                          | 100000  | 0 2007981 2007981          | 0 2107022 2107022          | 0 1873203 1873203           |
|                          | 1000000 | 0 24830343 24830343        | 0 25831841 25831841        | 0 23471942 23471942         |
| 1: Vanilla               |         |                            |                            |                             |
|                          | 100     | 683 683 2253               | 623 723 2155               | 508 795 1963                |
|                          | 10000   | 162325 162325 535672       | 162833 172833 547348       | 141596 205446 531116        |
|                          | 100000  | 2105174 2105174 6947074    | 2106149 2206149 7050291    | 1896571 2719946 7082059     |
|                          | 1000000 | 25878164 25878164 85397941 | 25889670 26889670 86435911 | 23791887 33860976 88582316  |
| 2a: Rand 1-Rot, p = 2^-1 |         |                            |                            |                             |
|                          | 100     | 683 683 2253               | 209 736 1216               | 521 821 2019                |
|                          | 10000   | 162325 162325 535672       | 51724 165483 284448        | 141385 210500 535685        |
|                          | 100000  | 2105174 2105174 6947074    | 672400 2130735 3677255     | 1888712 2777353 7121390     |
|                          | 1000000 | 25878164 25878164 85397941 | 8295213 25884023 44963012  | 23656705 34543732 88954153  |
| 2b: Rand 2-Rot, p = 2^-1 |         |                            |                            |                             |
|                          | 100     | 683 683 2253               | 216 760 1256               | 520 800 1996                |
|                          | 10000   | 162325 162325 535672       | 53731 171390 294971        | 142675 206367 534519        |
|                          | 100000  | 2105174 2105174 6947074    | 698917 2208357 3815866     | 1907938 2729914 7118171     |
|                          | 1000000 | 25878164 25878164 85397941 | 8635657 26909035 46771046  | 23911873 33967713 88965020  |
| 2c: Rand 3-Rot, p = 2^-1 |         |                            |                            |                             |
|                          | 100     | 683 683 2253               | 212 773 1260               | 526 796 2005                |
|                          | 10000   | 162325 162325 535672       | 55795 177496 305824        | 144874 207142 540352        |
|                          | 100000  | 2105174 2105174 6947074    | 724884 2287009 3954242     | 1933960 2734510 7182618     |
|                          | 1000000 | 25878164 25878164 85397941 | 8954689 27861797 48457581  | 24220004 34022496 89728505  |
| 2d: Rand 4-Rot, p = 2^-1 |         |                            |                            |                             |
|                          | 100     | 683 683 2253               | 232 836 1369               | 531 802 2023                |
|                          | 10000   | 162325 162325 535672       | 57204 181423 312992        | 145652 207103 542102        |
|                          | 100000  | 2105174 2105174 6947074    | 742559 2342420 4050305     | 1950362 2741215 7227047     |
|                          | 1000000 | 25878164 25878164 85397941 | 9176015 28516252 49621086  | 24434465 34106591 90305860  |
| 3b: Rand 2-Rot, p = 2^-2 |         |                            |                            |                             |
|                          | 100     | 683 683 2253               | 104 762 1001               | 511 791 1966                |
|                          | 10000   | 162325 162325 535672       | 32441 172520 247134        | 143456 207243 537191        |
|                          | 100000  | 2105174 2105174 6947074    | 420629 2208865 3176311     | 1914583 2735200 7138740     |
|                          | 1000000 | 25878164 25878164 85397941 | 5193597 26922279 38867552  | 23974848 34023937 89166087  |
| 3c: Rand 3-Rot, p = 2^-2 |         |                            |                            |                             |
|                          | 100     | 683 683 2253               | 117 800 1069               | 544 816 2067                |
|                          | 10000   | 162325 162325 535672       | 33599 178286 255563        | 144477 207278 539575        |
|                          | 100000  | 2105174 2105174 6947074    | 435934 2288738 3291386     | 1931051 2739823 7181240     |
|                          | 1000000 | 25878164 25878164 85397941 | 5380830 27851952 40227861  | 24162157 34062142 89635103  |
| 3d: Rand 4-Rot, p = 2^-2 |         |                            |                            |                             |
|                          | 100     | 683 683 2253               | 117 854 1123               | 547 821 2079                |
|                          | 10000   | 162325 162325 535672       | 34465 182318 261587        | 145179 207602 541513        |
|                          | 100000  | 2105174 2105174 6947074    | 446783 2340393 3367993     | 1940730 2742974 7206653     |
|                          | 1000000 | 25878164 25878164 85397941 | 5511816 28516222 41193398  | 24290936 34117761 89986913  |
| 4: Scheme 2, p = 2^-1    |         |                            |                            |                             |
|                          | 100     | 683 683 2253               | 532 695 1918               | 699 763 2370                |
|                          | 10000   | 162325 162325 535672       | 153960 170635 524743       | 201314 207102 670124        |
|                          | 100000  | 2105174 2105174 6947074    | 2023631 2190482 6844833    | 2738862 2755260 9054642     |
|                          | 1000000 | 25878164 25878164 85397941 | 25071952 26738616 84404105 | 34684600 34485268 114259848 |
| 4: Scheme 2, p = 2^-2    |         |                            |                            |                             |
|                          | 100     | 683 683 2253               | 525 704 1911               | 689 752 2336                |
|                          | 10000   | 162325 162325 535672       | 152646 170649 521734       | 213845 205460 697303        |
|                          | 100000  | 2105174 2105174 6947074    | 2007164 2187220 6803697    | 2912899 2739122 9438789     |
|                          | 1000000 | 25878164 25878164 85397941 | 24902208 26701744 83976822 | 36973583 34313086 119352326 |
| 5: EvenScheme            |         |                            |                            |                             |
|                          | 100     | 683 683 2253               | 586 735 2082               | 631 781 2232                |
|                          | 10000   | 162325 162325 535672       | 156242 171305 530661       | 185540 206320 633062        |
|                          | 100000  | 2105174 2105174 6947074    | 2044996 2195205 6898695    | 2512876 2751304 8530918     |
|                          | 1000000 | 25878164 25878164 85397941 | 25289130 26788714 84953713 | 31804849 34431173 107582325 |
| 5a: OneRot               |         |                            |                            |                             |
|                          | 100     | 683 683 2253               | 613 713 2122               | 487 831 1951                |
|                          | 10000   | 162325 162325 535672       | 156418 166418 526179       | 135923 213586 526208        |
|                          | 100000  | 2105174 2105174 6947074    | 2020274 2120274 6766904    | 1821753 2832369 7022400     |
|                          | 1000000 | 25878164 25878164 85397941 | 24824855 25824855 82922021 | 22821293 35212034 87701007  |
| 5b: Vanilla/TwoRot       |         |                            |                            |                             |
|                          | 100     | 683 683 2253               | 623 723 2155               | 508 795 1963                |
|                          | 10000   | 162325 162325 535672       | 162833 172833 547348       | 141596 205446 531116        |
|                          | 100000  | 2105174 2105174 6947074    | 2106149 2206149 7050291    | 1896571 2719946 7082059     |
|                          | 1000000 | 25878164 25878164 85397941 | 25889670 26889670 86435911 | 23791887 33860976 88582316  |
| 5c: ThreeRot             |         |                            |                            |                             |
|                          | 100     | 683 683 2253               | 656 756 2264               | 522 784 1984                |
|                          | 10000   | 162325 162325 535672       | 168862 178862 567244       | 147010 205701 543824        |
|                          | 100000  | 2105174 2105174 6947074    | 2186830 2286830 7316539    | 1968027 2724826 7251288     |
|                          | 1000000 | 25878164 25878164 85397941 | 26861961 27861961 89644471 | 24681482 33945714 90713122  |
| 5d: FourRot              |         |                            |                            |                             |
|                          | 100     | 683 683 2253               | 678 778 2337               | 548 789 2049                |
|                          | 10000   | 162325 162325 535672       | 173134 183134 581342       | 151201 207121 554883        |
|                          | 100000  | 2105174 2105174 6947074    | 2242894 2342894 7501550    | 2019102 2737728 7381662     |
|                          | 1000000 | 25878164 25878164 85397941 | 27534283 28534283 91863133 | 25304887 34103162 92304402  |
------------------------------------------------------------------------------------------------------------------------------
Testing ZipfTest
------------------------------------------------------------------------------------------------------------------------------
|         Tree Type        |    N    |      Insert Only [ms]      |      Access Only [ms]      |      Delete Only [ms]       |
------------------------------------------------------------------------------------------------------------------------------
| 0: BST                   |         |                            |                            |                             |
|                          | 1000    | 0 11474 11474              | 0 8873 8873                | 0 10308 10308               |
|                          | 10000   | 0 147478 147478            | 0 123537 123537            | 0 134818 134818             |
|                          | 100000  | 0 2007981 2007981          | 0 1651204 1651204          | 0 1873203 1873203           |
|                          | 1000000 | 0 24830343 24830343        | 0 17051335 17051335        | 0 23471942 23471942         |
| 1: Vanilla               |         |                            |                            |                             |
|                          | 1000    | 11568 11568 38174          | 7558 8558 25941            | 9634 14113 36271            |
|                          | 10000   | 162325 162325 535672       | 99132 109132 337135        | 143505 207180 537241        |
|                          | 100000  | 2105174 2105174 6947074    | 1207004 1307004 4083113    | 1917266 2738411 7148122     |
|                          | 1000000 | 25878164 25878164 85397941 | 14054789 15054789 47380803 | 24019815 34066344 89311918  |
| 2a: Rand 1-Rot, p = 2^-1 |         |                            |                            |                             |
|                          | 1000    | 11568 11568 38174          | 2516 8362 14148            | 9612 14450 36557            |
|                          | 10000   | 162325 162325 535672       | 32891 105798 181447        | 142479 211494 539195        |
|                          | 100000  | 2105174 2105174 6947074    | 387292 1264159 2154930     | 1905046 2793720 7175325     |
|                          | 1000000 | 25878164 25878164 85397941 | 4506123 14507121 24871203  | 23835661 34715325 89537345  |
| 2b: Rand 2-Rot, p = 2^-1 |         |                            |                            |                             |
|                          | 1000    | 11568 11568 38174          | 2664 8741 14868            | 9703 14171 36487            |
|                          | 10000   | 162325 162325 535672       | 34113 109586 188045        | 143994 207656 538842        |
|                          | 100000  | 2105174 2105174 6947074    | 402898 1310292 2236957     | 1924008 2744177 7169395     |
|                          | 1000000 | 25878164 25878164 85397941 | 4693468 15063104 25858080  | 24084096 34127088 89520508  |
| 2c: Rand 3-Rot, p = 2^-1 |         |                            |                            |                             |
|                          | 1000    | 11568 11568 38174          | 2729 8969 15245            | 9862 14243 36925            |
|                          | 10000   | 162325 162325 535672       | 35455 113383 194929        | 145941 207971 543635        |
|                          | 100000  | 2105174 2105174 6947074    | 418531 1357971 2320592     | 1948713 2748314 7230353     |
|                          | 1000000 | 25878164 25878164 85397941 | 4873661 15609628 26819048  | 24390454 34177624 90275668  |
| 2d: Rand 4-Rot, p = 2^-1 |         |                            |                            |                             |
|                          | 1000    | 11568 11568 38174          | 2810 9012 15475            | 10014 14294 37326           |
|                          | 10000   | 162325 162325 535672       | 36481 116315 200221        | 147259 208520 547215        |
|                          | 100000  | 2105174 2105174 6947074    | 431377 1397063 2389230     | 1966347 2755292 7277890     |
|                          | 1000000 | 25878164 25878164 85397941 | 5011552 16024745 27551314  | 24599652 34256623 90835822  |
| 3b: Rand 2-Rot, p = 2^-2 |         |                            |                            |                             |
|                          | 1000    | 11568 11568 38174          | 1354 9014 12128            | 9769 14258 36726            |
|                          | 10000   | 162325 162325 535672       | 20270 109377 155998        | 144003 207653 538859        |
|                          | 100000  | 2105174 2105174 6947074    | 243404 1306101 1865930     | 1926933 2747568 7179513     |
|                          | 1000000 | 25878164 25878164 85397941 | 2813039 15070912 21540901  | 24105719 34147802 89590955  |
| 3c: Rand 3-Rot, p = 2^-2 |         |                            |                            |                             |
|                          | 1000    | 11568 11568 38174          | 1434 9402 12700            | 9796 14193 36723            |
|                          | 10000   | 162325 162325 535672       | 21121 113710 162288        | 145249 207936 542008        |
|                          | 100000  | 2105174 2105174 6947074    | 252296 1351192 1931472     | 1941423 2749651 7214923     |
|                          | 1000000 | 25878164 25878164 85397941 | 2921375 15608872 22328034  | 24288506 34179483 90043046  |
| 3d: Rand 4-Rot, p = 2^-2 |         |                            |                            |                             |
|                          | 1000    | 11568 11568 38174          | 1448 9476 12806            | 9886 14258 36995            |
|                          | 10000   | 162325 162325 535672       | 21704 117051 166970        | 146134 208466 544574        |
|                          | 100000  | 2105174 2105174 6947074    | 259995 1389210 1987198     | 1952126 2754079 7243968     |
|                          | 1000000 | 25878164 25878164 85397941 | 3003720 16019932 22928488  | 24415871 34230774 90387277  |
| 4: Scheme 2, p = 2^-1    |         |                            |                            |                             |
|                          | 1000    | 11568 11568 38174          | 6880 8519 24343            | 13344 13948 44639           |
|                          | 10000   | 162325 162325 535672       | 91009 107457 316777        | 201834 207705 671923        |
|                          | 100000  | 2105174 2105174 6947074    | 1123163 1288741 3872015    | 2751739 2763489 9092488     |
|                          | 1000000 | 25878164 25878164 85397941 | 13213780 14872611 45264305 | 34836406 34549003 114672736 |
| 4: Scheme 2, p = 2^-2    |         |                            |                            |                             |
|                          | 1000    | 11568 11568 38174          | 6641 8440 23714            | 14014 13898 46130           |
|                          | 10000   | 162325 162325 535672       | 88869 106655 311053        | 215205 205770 700741        |
|                          | 100000  | 2105174 2105174 6947074    | 1106015 1284824 3828658    | 2928612 2748608 9484415     |
|                          | 1000000 | 25878164 25878164 85397941 | 13032365 14823295 44797734 | 37116245 34399315 119766678 |
| 5: EvenScheme            |         |                            |                            |                             |
|                          | 1000    | 11568 11568 38174          | 7052 8525 24744            | 12411 13941 42486           |
|                          | 10000   | 162325 162325 535672       | 92938 107955 321712        | 186856 207317 637085        |
|                          | 100000  | 2105174 2105174 6947074    | 1148368 1298039 3939285    | 2536882 2762288 8597116     |
|                          | 1000000 | 25878164 25878164 85397941 | 13461014 14959763 45920095 | 31976325 34522938 108068485 |
| 5a: OneRot               |         |                            |                            |                             |
|                          | 1000    | 11568 11568 38174          | 7279 8279 25020            | 9297 14723 36106            |
|                          | 10000   | 162325 162325 535672       | 95168 105168 324054        | 137761 215623 532473        |
|                          | 100000  | 2105174 2105174 6947074    | 1160213 1260213 3928702    | 1843808 2855761 7096519     |
|                          | 1000000 | 25878164 25878164 85397941 | 13491874 14491874 45523184 | 23065618 35470135 88521056  |
| 5b: Vanilla/TwoRot       |         |                            |                            |                             |
|                          | 1000    | 11568 11568 38174          | 7558 8558 25941            | 9634 14113 36271            |
|                          | 10000   | 162325 162325 535672       | 99132 109132 337135        | 143505 207180 537241        |
|                          | 100000  | 2105174 2105174 6947074    | 1207004 1307004 4083113    | 1917266 2738411 7148122     |
|                          | 1000000 | 25878164 25878164 85397941 | 14054789 15054789 47380803 | 24019815 34066344 89311918  |
| 5c: ThreeRot             |         |                            |                            |                             |
|                          | 1000    | 11568 11568 38174          | 7919 8919 27132            | 10056 14139 37267           |
|                          | 10000   | 162325 162325 535672       | 103144 113144 350375       | 148629 207144 548990        |
|                          | 100000  | 2105174 2105174 6947074    | 1255513 1355513 4243192    | 1988131 2741552 7314253     |
|                          | 1000000 | 25878164 25878164 85397941 | 14610727 15610727 49215399 | 24907345 34133954 91420847  |
| 5d: FourRot              |         |                            |                            |                             |
|                          | 1000    | 11568 11568 38174          | 8063 9063 27607            | 10427 14306 38288           |
|                          | 10000   | 162325 162325 535672       | 106051 116051 359968       | 152843 208507 560045        |
|                          | 100000  | 2105174 2105174 6947074    | 1291654 1391654 4362458    | 2040582 2754746 7448084     |
|                          | 1000000 | 25878164 25878164 85397941 | 15030366 16030366 50600207 | 25534021 34290209 93018457  |
------------------------------------------------------------------------------------------------------------------------------
Testing OneTest
-------------------------------------------------------------------------------------------------------------------------
|         Tree Type        |    N    |   Insert Only [ms]    |    Access Only [ms]    |        Delete Only [ms]         |
-------------------------------------------------------------------------------------------------------------------------
| 0: BST                   |         |                       |                        |                                 |
|                          | 100     | 0 4950 4950           | 0 5050 5050            | 0 5050 5050                     |
|                          | 10000   | 0 49995000 49995000   | 0 50005000 50005000    | 0 50005000 50005000             |
|                          | 100000  | 0 704982704 704982704 | 0 705082704 705082704  | 0 705082704 705082704           |
|                          | 1000000 | 0                     | 0                      | 0                               |
| 1: Vanilla               |         |                       |                        |                                 |
|                          | 100     | 99 99 326             | 99 199 426             | 317 417 1146                    |
|                          | 10000   | 9999 9999 32996       | 9999 19999 42996       | 34113 44113 122572              |
|                          | 100000  | 99999 99999 329996    | 99999 199999 429996    | 341427 441427 1226709           |
|                          | 1000000 | 999999 999999 3299996 | 999999 1999999 4299996 | 3414571 4414571 12268084        |
| 2a: Rand 1-Rot, p = 2^-1 |         |                       |                        |                                 |
|                          | 100     | 99 99 326             | 99 384 611             | 203 303 769                     |
|                          | 10000   | 9999 9999 32996       | 9998 40124 63119       | 21664 31664 81491               |
|                          | 100000  | 99999 99999 329996    | 99999 397553 627550    | 317288 417288 1147050           |
|                          | 1000000 | 0                     | 0                      | 0                               |
| 2b: Rand 2-Rot, p = 2^-1 |         |                       |                        |                                 |
|                          | 100     | 99 99 326             | 99 384 611             | 231 331 862                     |
|                          | 10000   | 9999 9999 32996       | 9998 40124 63119       | 24796 34796 91826               |
|                          | 100000  | 99999 99999 329996    | 99999 397553 627550    | 249347 349347 922845            |
|                          | 1000000 | 999999 999999 3299996 | 999999 3998835 6298832 | 2490619 3490619 9219042         |
| 2c: Rand 3-Rot, p = 2^-1 |         |                       |                        |                                 |
|                          | 100     | 99 99 326             | 99 384 611             | 249 349 921                     |
|                          | 10000   | 9999 9999 32996       | 9998 40124 63119       | 27081 37081 99367               |
|                          | 100000  | 99999 99999 329996    | 99999 397553 627550    | 239597 339597 890670            |
|                          | 1000000 | 999999 999999 3299996 | 999999 3998835 6298832 | 2361948 3361948 8794428         |
| 2d: Rand 4-Rot, p = 2^-1 |         |                       |                        |                                 |
|                          | 100     | 99 99 326             | 99 384 611             | 253 353 934                     |
|                          | 10000   | 9999 9999 32996       | 9998 40124 63119       | 28018 38018 102459              |
|                          | 100000  | 99999 99999 329996    | 99999 397553 627550    | 236859 336859 881634            |
|                          | 1000000 | 999999 999999 3299996 | 999999 3998835 6298832 | 2301505 3301505 8594966         |
| 3b: Rand 2-Rot, p = 2^-2 |         |                       |                        |                                 |
|                          | 100     | 99 99 326             | 96 855 1075            | 180 280 694                     |
|                          | 10000   | 9999 9999 32996       | 9987 61493 84463       | 21401 31401 80623               |
|                          | 100000  | 99999 99999 329996    | 99987 598307 828277    | 215671 315671 811714            |
|                          | 1000000 | 999999 999999 3299996 | 999993 5981613 8281596 | 2156447 3156447 8116275         |
| 3c: Rand 3-Rot, p = 2^-2 |         |                       |                        |                                 |
|                          | 100     | 99 99 326             | 96 855 1075            | 180 280 694                     |
|                          | 10000   | 9999 9999 32996       | 9987 61493 84463       | 22511 32511 84286               |
|                          | 100000  | 99999 99999 329996    | 99987 598307 828277    | 235614 335614 877526            |
|                          | 1000000 | 999999 999999 3299996 | 999993 5981613 8281596 | 2357514 3357514 8779796         |
| 3d: Rand 4-Rot, p = 2^-2 |         |                       |                        |                                 |
|                          | 100     | 99 99 326             | 96 855 1075            | 200 300 760                     |
|                          | 10000   | 9999 9999 32996       | 9987 61493 84463       | 23413 33413 87262               |
|                          | 100000  | 99999 99999 329996    | 99987 598307 828277    | 249697 349697 924000            |
|                          | 1000000 | 999999 999999 3299996 | 999993 5981613 8281596 | 2493635 3493635 9228995         |
| 4: Scheme 2, p = 2^-1    |         |                       |                        |                                 |
|                          | 100     | 99 99 326             | 99 262 489             | 309 409 1119                    |
|                          | 10000   | 9999 9999 32996       | 9998 26677 49672       | 33382 43382 120160              |
|                          | 100000  | 99999 99999 329996    | 99999 266495 496492    | 334563 434563 1204057           |
|                          | 1000000 | 999999 999999 3299996 | 999999 2666406 4966403 | 3347351 4347351 12046258        |
| 4: Scheme 2, p = 2^-2    |         |                       |                        |                                 |
|                          | 100     | 99 99 326             | 98 284 509             | 294 394 1070                    |
|                          | 10000   | 9999 9999 32996       | 9998 28026 51021       | 32904 42904 118583              |
|                          | 100000  | 99999 99999 329996    | 99998 279844 509839    | 330264 430264 1189871           |
|                          | 1000000 | 999999 999999 3299996 | 999998 2799527 5099522 | 3301118 4301118 11893689        |
| 5: EvenScheme            |         |                       |                        |                                 |
|                          | 100     | 99 99 326             | 98 248 473             | 282 382 1030                    |
|                          | 10000   | 9999 9999 32996       | 9998 24998 47993       | 32028 42028 115692              |
|                          | 100000  | 99999 99999 329996    | 99998 249998 479993    | 320846 420846 1158791           |
|                          | 1000000 | 999999 999999 3299996 | 999998 2499998 4799993 | 3209758 4209758 11592201        |
| 5a: OneRot               |         |                       |                        |                                 |
|                          | 100     | 99 99 326             | 99 199 426             | 4950 5050 16435                 |
|                          | 10000   | 9999 9999 32996       | 9999 19999 42996       | 49995000 50005000 164993500     |
|                          | 100000  | 99999 99999 329996    | 99999 199999 429996    | 704982704 705082704 -2147483648 |
|                          | 1000000 | 0                     | 0                      | 0                               |
| 5b: Vanilla/TwoRot       |         |                       |                        |                                 |
|                          | 100     | 99 99 326             | 99 199 426             | 317 417 1146                    |
|                          | 10000   | 9999 9999 32996       | 9999 19999 42996       | 34113 44113 122572              |
|                          | 100000  | 99999 99999 329996    | 99999 199999 429996    | 341427 441427 1226709           |
|                          | 1000000 | 999999 999999 3299996 | 999999 1999999 4299996 | 3414571 4414571 12268084        |
| 5c: ThreeRot             |         |                       |                        |                                 |
|                          | 100     | 99 99 326             | 99 199 426             | 249 349 921                     |
|                          | 10000   | 9999 9999 32996       | 9999 19999 42996       | 26499 36499 97446               |
|                          | 100000  | 99999 99999 329996    | 99999 199999 429996    | 265413 365413 975862            |
|                          | 1000000 | 999999 999999 3299996 | 999999 1999999 4299996 | 2654385 3654385 9759470         |
| 5d: FourRot              |         |                       |                        |                                 |
|                          | 100     | 99 99 326             | 99 199 426             | 219 319 822                     |
|                          | 10000   | 9999 9999 32996       | 9999 19999 42996       | 23639 33639 88008               |
|                          | 100000  | 99999 99999 329996    | 99999 199999 429996    | 236803 336803 881449            |
|                          | 1000000 | 999999 999999 3299996 | 999999 1999999 4299996 | 2368547 3368547 8816205         |
-------------------------------------------------------------------------------------------------------------------------
Testing SplayLineTest
-------------------------------------------------------------------------
|         Tree Type        |    N    |         Access Only [ms]         |
-------------------------------------------------------------------------
| 0: BST                   |         |                                  |
|                          | 100     | 0 5050 5050                      |
|                          | 10000   | 0 50005000 50005000              |
|                          | 100000  | 0 705082704 705082704            |
|                          | 1000000 | 0                                |
| 1: Vanilla               |         |                                  |
|                          | 100     | 416 516 1472                     |
|                          | 10000   | 44112 54112 155569               |
|                          | 100000  | 441426 541426 1556705            |
|                          | 1000000 | 4414570 5414570 15568081         |
| 2a: Rand 1-Rot, p = 2^-1 |         |                                  |
|                          | 100     | 1792 5146 9267                   |
|                          | 10000   | 17159278 50014997 89481336       |
|                          | 100000  | 1676134577 705182702 -2147483648 |
|                          | 1000000 | 0                                |
| 2b: Rand 2-Rot, p = 2^-1 |         |                                  |
|                          | 100     | 309 857 1567                     |
|                          | 10000   | 33103 161495 237631              |
|                          | 100000  | 332647 825233 1590321            |
|                          | 1000000 | 3322663 11873221 19515345        |
| 2c: Rand 3-Rot, p = 2^-1 |         |                                  |
|                          | 100     | 245 725 1288                     |
|                          | 10000   | 27011 132146 194271              |
|                          | 100000  | 272087 648438 1274238            |
|                          | 1000000 | 2721095 9397913 15656431         |
| 2d: Rand 4-Rot, p = 2^-1 |         |                                  |
|                          | 100     | 247 698 1266                     |
|                          | 10000   | 24873 121943 179150              |
|                          | 100000  | 250265 596487 1172096            |
|                          | 1000000 | 2501186 8402598 14155325         |
| 3b: Rand 2-Rot, p = 2^-2 |         |                                  |
|                          | 100     | 251 1207 1784                    |
|                          | 10000   | 29156 158586 225644              |
|                          | 100000  | 293534 1144406 1819534           |
|                          | 1000000 | 2935291 15577533 22328702        |
| 3c: Rand 3-Rot, p = 2^-2 |         |                                  |
|                          | 100     | 209 983 1463                     |
|                          | 10000   | 23772 125257 179932              |
|                          | 100000  | 237897 935490 1482653            |
|                          | 1000000 | 2382094 13237947 18716763        |
| 3d: Rand 4-Rot, p = 2^-2 |         |                                  |
|                          | 100     | 181 883 1299                     |
|                          | 10000   | 21881 115354 165680              |
|                          | 100000  | 219498 862128 1366973            |
|                          | 1000000 | 2192714 12477663 17520905        |
| 4: Scheme 2, p = 2^-1    |         |                                  |
|                          | 100     | 335 483 1253                     |
|                          | 10000   | 36889 51362 136206               |
|                          | 100000  | 370024 514443 1365498            |
|                          | 1000000 | 3700464 5145454 13656521         |
| 4: Scheme 2, p = 2^-2    |         |                                  |
|                          | 100     | 311 459 1174                     |
|                          | 10000   | 35086 49905 130602               |
|                          | 100000  | 351052 499130 1306549            |
|                          | 1000000 | 3510489 4990995 13065119         |
| 5: EvenScheme            |         |                                  |
|                          | 100     | 360 502 1330                     |
|                          | 10000   | 39622 53491 144621               |
|                          | 100000  | 397146 535775 1449210            |
|                          | 1000000 | 3972330 5358503 14494862         |
| 5a: OneRot               |         |                                  |
|                          | 100     | 5049 5149 16761                  |
|                          | 10000   | 50004999 50014999 165026496      |
|                          | 100000  | 705082703 705182703 -2147483648  |
|                          | 1000000 | 0                                |
| 5b: Vanilla/TwoRot       |         |                                  |
|                          | 100     | 416 516 1472                     |
|                          | 10000   | 44112 54112 155569               |
|                          | 100000  | 441426 541426 1556705            |
|                          | 1000000 | 4414570 5414570 15568081         |
| 5c: ThreeRot             |         |                                  |
|                          | 100     | 348 448 1248                     |
|                          | 10000   | 36498 46498 130443               |
|                          | 100000  | 365412 465412 1305859            |
|                          | 1000000 | 3654384 4654384 13059467         |
| 5d: FourRot              |         |                                  |
|                          | 100     | 318 418 1149                     |
|                          | 10000   | 33638 43638 121005               |
|                          | 100000  | 336802 436802 1211446            |
|                          | 1000000 | 3368546 4368546 12116201         |
-------------------------------------------------------------------------